{
  "nbformat": 4,
  "nbformat_minor": 0,
  "metadata": {
    "colab": {
      "name": "MNIST-Tensorflow-Estimator.ipynb",
      "version": "0.3.2",
      "provenance": [],
      "collapsed_sections": []
    },
    "kernelspec": {
      "name": "python3",
      "display_name": "Python 3"
    },
    "accelerator": "GPU"
  },
  "cells": [
    {
      "cell_type": "markdown",
      "metadata": {
        "id": "view-in-github",
        "colab_type": "text"
      },
      "source": [
        "[View in Colaboratory](https://colab.research.google.com/github/nishanthjois/Deep-Learning-Advanced/blob/master/MNIST_Tensorflow_Estimator.ipynb)"
      ]
    },
    {
      "metadata": {
        "id": "KxFJlCwe0iv2",
        "colab_type": "code",
        "colab": {}
      },
      "cell_type": "code",
      "source": [
        "from __future__ import absolute_import\n",
        "from __future__ import division\n",
        "from __future__ import print_function\n",
        "\n",
        "# Imports\n",
        "import numpy as np\n",
        "import tensorflow as tf\n",
        "\n",
        "tf.logging.set_verbosity(tf.logging.INFO)\n",
        "\n",
        "# Our application logic will be added here\n",
        "\n",
        "# if __name__ == \"__main__\":\n",
        "#   tf.app.run()"
      ],
      "execution_count": 0,
      "outputs": []
    },
    {
      "metadata": {
        "id": "INO06wex8E4C",
        "colab_type": "text"
      },
      "cell_type": "markdown",
      "source": [
        "Convolutional Layer #1: Applies 32 5x5 filters (extracting 5x5-pixel subregions), with ReLU activation function\n",
        "\n",
        "Pooling Layer #1: Performs max pooling with a 2x2 filter and stride of 2 (which specifies that pooled regions do not overlap)\n",
        "\n",
        "Convolutional Layer #2: Applies 64 5x5 filters, with ReLU activation function\n",
        "\n",
        "Pooling Layer #2: Again, performs max pooling with a 2x2 filter and stride of 2\n",
        "\n",
        "Dense Layer #1: 1,024 neurons, with dropout regularization rate of 0.4 (probability of 0.4 that any given element will be dropped during training)\n",
        "\n",
        "Dense Layer #2 (Logits Layer): 10 neurons, one for each digit target class (0–9)."
      ]
    },
    {
      "metadata": {
        "id": "ZqpbZtMw7GWa",
        "colab_type": "code",
        "colab": {}
      },
      "cell_type": "code",
      "source": [
        "def cnn_model(features,labels,mode):\n",
        "  \n",
        "  \n",
        "  input_layer = tf.reshape(features[\"x\"],[-1,28,28,1])\n",
        "  \n",
        "  conv1 = tf.layers.conv2d(inputs=input_layer,filters=32,kernel_size=[5,5],padding=\"same\",activation=tf.nn.relu)\n",
        "  \n",
        "  pool1 = tf.layers.max_pooling2d(inputs=conv1,pool_size=[2,2],strides=2)\n",
        "  \n",
        "  conv2=tf.layers.conv2d(\n",
        "  \n",
        "         inputs=pool1,\n",
        "         filters = 64,\n",
        "         padding=\"same\",\n",
        "         activation=tf.nn.relu,\n",
        "         kernel_size=[5,5]\n",
        "  )\n",
        "  \n",
        "  pool2=tf.layers.max_pooling2d(inputs=conv2,pool_size=[2,2],strides=2)\n",
        "  \n",
        "  pool2_flat=tf.reshape(pool2,[-1,7*7*64])\n",
        "  \n",
        "  dense=tf.layers.dense(inputs=pool2_flat,units=1024,activation=tf.nn.relu)\n",
        "  \n",
        "  dropout = tf.layers.dropout(inputs=dense,rate=0.4,training=mode==tf.estimator.ModeKeys.TRAIN)\n",
        "  \n",
        "  logits = tf.layers.dense(inputs=dropout,units=10)\n",
        "  \n",
        "  predictions={\n",
        "      'classes': tf.argmax(input=logits,axis=1),\n",
        "      'probabilities':tf.nn.softmax(logits,name='softmax_tensor')\n",
        "      \n",
        "  }\n",
        "  \n",
        "  if mode == tf.estimator.ModeKeys.PREDICT:\n",
        "    return tf.estimator.EstimatorSpec(mode=mode,predictions=predictions)\n",
        "  \n",
        "  loss = tf.losses.sparse_softmax_cross_entropy(labels=labels,logits=logits)\n",
        "  \n",
        "  if mode == tf.estimator.ModeKeys.TRAIN:\n",
        "    optimizer=tf.train.GradientDescentOptimizer(learning_rate=.001)\n",
        "    train_op=optimizer.minimize(loss=loss,\n",
        "                               global_step=tf.train.get_global_step())\n",
        "    \n",
        "    return tf.estimator.EstimatorSpec(mode=mode,loss=loss,train_op=train_op)\n",
        "  \n",
        "  # Eval\n",
        "  eval_metric_ops={\n",
        "      'accuracy':tf.metrics.accuracy(labels=labels,predictions=predictions[\"classes\"])\n",
        "      \n",
        "  }\n",
        "  \n",
        "  return tf.estimator.EstimatorSpec(mode=mode,loss=loss,eval_metric_ops=eval_metric_ops)"
      ],
      "execution_count": 0,
      "outputs": []
    },
    {
      "metadata": {
        "id": "T4Vm0nbC7GZj",
        "colab_type": "code",
        "colab": {
          "base_uri": "https://localhost:8080/",
          "height": 574
        },
        "outputId": "56dcda8b-ec96-4455-9d22-c64749c5af59"
      },
      "cell_type": "code",
      "source": [
        "\n",
        "mnist = tf.contrib.learn.datasets.load_dataset('mnist')\n",
        "train_data=mnist.train.images\n",
        "train_labels=np.asarray(mnist.train.labels,dtype=np.int32)\n",
        "eval_data = mnist.test.images # Returns np.array\n",
        "eval_labels = np.asarray(mnist.test.labels, dtype=np.int32)\n"
      ],
      "execution_count": 20,
      "outputs": [
        {
          "output_type": "stream",
          "text": [
            "WARNING:tensorflow:From <ipython-input-20-fcecff9af335>:2: load_dataset (from tensorflow.contrib.learn.python.learn.datasets) is deprecated and will be removed in a future version.\n",
            "Instructions for updating:\n",
            "Please use tf.data.\n",
            "WARNING:tensorflow:From /usr/local/lib/python3.6/dist-packages/tensorflow/contrib/learn/python/learn/datasets/__init__.py:80: load_mnist (from tensorflow.contrib.learn.python.learn.datasets.mnist) is deprecated and will be removed in a future version.\n",
            "Instructions for updating:\n",
            "Please use alternatives such as official/mnist/dataset.py from tensorflow/models.\n",
            "WARNING:tensorflow:From /usr/local/lib/python3.6/dist-packages/tensorflow/contrib/learn/python/learn/datasets/mnist.py:300: read_data_sets (from tensorflow.contrib.learn.python.learn.datasets.mnist) is deprecated and will be removed in a future version.\n",
            "Instructions for updating:\n",
            "Please use alternatives such as official/mnist/dataset.py from tensorflow/models.\n",
            "WARNING:tensorflow:From /usr/local/lib/python3.6/dist-packages/tensorflow/contrib/learn/python/learn/datasets/mnist.py:260: maybe_download (from tensorflow.contrib.learn.python.learn.datasets.base) is deprecated and will be removed in a future version.\n",
            "Instructions for updating:\n",
            "Please write your own downloading logic.\n",
            "WARNING:tensorflow:From /usr/local/lib/python3.6/dist-packages/tensorflow/contrib/learn/python/learn/datasets/base.py:252: _internal_retry.<locals>.wrap.<locals>.wrapped_fn (from tensorflow.contrib.learn.python.learn.datasets.base) is deprecated and will be removed in a future version.\n",
            "Instructions for updating:\n",
            "Please use urllib or similar directly.\n",
            "Successfully downloaded train-images-idx3-ubyte.gz 9912422 bytes.\n",
            "WARNING:tensorflow:From /usr/local/lib/python3.6/dist-packages/tensorflow/contrib/learn/python/learn/datasets/mnist.py:262: extract_images (from tensorflow.contrib.learn.python.learn.datasets.mnist) is deprecated and will be removed in a future version.\n",
            "Instructions for updating:\n",
            "Please use tf.data to implement this functionality.\n",
            "Extracting MNIST-data/train-images-idx3-ubyte.gz\n",
            "Successfully downloaded train-labels-idx1-ubyte.gz 28881 bytes.\n",
            "WARNING:tensorflow:From /usr/local/lib/python3.6/dist-packages/tensorflow/contrib/learn/python/learn/datasets/mnist.py:267: extract_labels (from tensorflow.contrib.learn.python.learn.datasets.mnist) is deprecated and will be removed in a future version.\n",
            "Instructions for updating:\n",
            "Please use tf.data to implement this functionality.\n",
            "Extracting MNIST-data/train-labels-idx1-ubyte.gz\n",
            "Successfully downloaded t10k-images-idx3-ubyte.gz 1648877 bytes.\n",
            "Extracting MNIST-data/t10k-images-idx3-ubyte.gz\n",
            "Successfully downloaded t10k-labels-idx1-ubyte.gz 4542 bytes.\n",
            "Extracting MNIST-data/t10k-labels-idx1-ubyte.gz\n",
            "WARNING:tensorflow:From /usr/local/lib/python3.6/dist-packages/tensorflow/contrib/learn/python/learn/datasets/mnist.py:290: DataSet.__init__ (from tensorflow.contrib.learn.python.learn.datasets.mnist) is deprecated and will be removed in a future version.\n",
            "Instructions for updating:\n",
            "Please use alternatives such as official/mnist/dataset.py from tensorflow/models.\n"
          ],
          "name": "stdout"
        }
      ]
    },
    {
      "metadata": {
        "id": "TdEOuVSv7GcE",
        "colab_type": "code",
        "colab": {
          "base_uri": "https://localhost:8080/",
          "height": 78
        },
        "outputId": "117c6c61-0966-46b6-d348-f8a953f630ae"
      },
      "cell_type": "code",
      "source": [
        "# Create Estimator\n",
        "mnist_classifier=tf.estimator.Estimator(model_fn=cnn_model\n",
        "                                       ,model_dir=\"/tmp/mnist_convnet_model\")"
      ],
      "execution_count": 38,
      "outputs": [
        {
          "output_type": "stream",
          "text": [
            "INFO:tensorflow:Using default config.\n",
            "INFO:tensorflow:Using config: {'_model_dir': '/tmp/mnist_convnet_model', '_tf_random_seed': None, '_save_summary_steps': 100, '_save_checkpoints_steps': None, '_save_checkpoints_secs': 600, '_session_config': None, '_keep_checkpoint_max': 5, '_keep_checkpoint_every_n_hours': 10000, '_log_step_count_steps': 100, '_train_distribute': None, '_service': None, '_cluster_spec': <tensorflow.python.training.server_lib.ClusterSpec object at 0x7fe56bd25080>, '_task_type': 'worker', '_task_id': 0, '_global_id_in_cluster': 0, '_master': '', '_evaluation_master': '', '_is_chief': True, '_num_ps_replicas': 0, '_num_worker_replicas': 1}\n"
          ],
          "name": "stdout"
        }
      ]
    },
    {
      "metadata": {
        "id": "wPyqH1hcgxK2",
        "colab_type": "code",
        "colab": {}
      },
      "cell_type": "code",
      "source": [
        "tensors_to_log={'probabilities':'softmax_tensor'}\n",
        "logging_hook = tf.train.LoggingTensorHook(\n",
        "                tensors=tensors_to_log,every_n_iter=50)"
      ],
      "execution_count": 0,
      "outputs": []
    },
    {
      "metadata": {
        "id": "17nvL5qPh5uU",
        "colab_type": "code",
        "colab": {}
      },
      "cell_type": "code",
      "source": [
        "train_input_fn=tf.estimator.inputs.numpy_input_fn(\n",
        "\n",
        "                x={'x':train_data},\n",
        "                y=train_labels,\n",
        "                batch_size=100,\n",
        "                num_epochs=2,\n",
        "                shuffle=True\n",
        "\n",
        ")"
      ],
      "execution_count": 0,
      "outputs": []
    },
    {
      "metadata": {
        "id": "0ATOiX5KgxQH",
        "colab_type": "code",
        "colab": {
          "base_uri": "https://localhost:8080/",
          "height": 74494
        },
        "outputId": "d4e445d3-0e64-42db-f284-b514b2aaeaff"
      },
      "cell_type": "code",
      "source": [
        "mnist_classifier.train(input_fn=train_input_fn,steps=20000,hooks=[logging_hook])"
      ],
      "execution_count": 43,
      "outputs": [
        {
          "output_type": "stream",
          "text": [
            "INFO:tensorflow:Calling model_fn.\n",
            "INFO:tensorflow:Done calling model_fn.\n",
            "INFO:tensorflow:Create CheckpointSaverHook.\n",
            "INFO:tensorflow:Graph was finalized.\n",
            "INFO:tensorflow:Restoring parameters from /tmp/mnist_convnet_model/model.ckpt-1100\n",
            "INFO:tensorflow:Running local_init_op.\n",
            "INFO:tensorflow:Done running local_init_op.\n",
            "INFO:tensorflow:Saving checkpoints for 1101 into /tmp/mnist_convnet_model/model.ckpt.\n",
            "INFO:tensorflow:probabilities = [[0.0697405  0.09473851 0.0883764  0.11932074 0.09984111 0.08140025\n",
            "  0.06921818 0.12783316 0.12029365 0.12923753]\n",
            " [0.12707517 0.08047608 0.10561758 0.12240012 0.09263569 0.07695897\n",
            "  0.06208078 0.1172921  0.11331275 0.10215076]\n",
            " [0.07135919 0.08393985 0.08364664 0.08194012 0.1244434  0.07451244\n",
            "  0.09506114 0.13448194 0.12148257 0.12913272]\n",
            " [0.05191788 0.09753399 0.11149695 0.10550299 0.11237521 0.07584494\n",
            "  0.08168646 0.13251331 0.11314669 0.11798158]\n",
            " [0.09794028 0.13245595 0.15296358 0.09124402 0.08244672 0.07845871\n",
            "  0.08418819 0.06565352 0.11581661 0.09883241]\n",
            " [0.09248323 0.11788727 0.12531504 0.12010574 0.06945159 0.10200075\n",
            "  0.0985579  0.05969835 0.12789387 0.08660624]\n",
            " [0.10855689 0.08065997 0.09651701 0.09748602 0.08857117 0.11502406\n",
            "  0.1160835  0.05012123 0.13773769 0.10924242]\n",
            " [0.09042232 0.06242894 0.11080113 0.08570669 0.08846503 0.10626017\n",
            "  0.06674547 0.10982937 0.1276222  0.1517187 ]\n",
            " [0.14659052 0.09960783 0.15125702 0.09217759 0.06319151 0.08697064\n",
            "  0.09413095 0.09047712 0.11262901 0.06296784]\n",
            " [0.08167635 0.049512   0.09163562 0.07017668 0.14523897 0.12537818\n",
            "  0.0983537  0.07610452 0.14393109 0.11799295]\n",
            " [0.12121075 0.07676811 0.09509268 0.09049297 0.0750154  0.0857207\n",
            "  0.07456931 0.14316979 0.09355104 0.14440928]\n",
            " [0.31959683 0.03641316 0.09578515 0.08555022 0.07312367 0.08146983\n",
            "  0.07274668 0.08095225 0.09030261 0.0640596 ]\n",
            " [0.09966484 0.06664087 0.10327485 0.09272962 0.11680406 0.06696915\n",
            "  0.13552366 0.0699773  0.14375356 0.10466207]\n",
            " [0.04030825 0.05891536 0.06637517 0.13091521 0.09550023 0.08070743\n",
            "  0.06830757 0.18294275 0.09288622 0.18314177]\n",
            " [0.08969509 0.07906406 0.10668722 0.09544048 0.08390665 0.09916306\n",
            "  0.08275336 0.08808914 0.11567079 0.15953024]\n",
            " [0.38861102 0.0342194  0.07709538 0.15655184 0.05723936 0.07328539\n",
            "  0.0480011  0.03515411 0.05725797 0.07258446]\n",
            " [0.08232736 0.09746201 0.10101182 0.08577296 0.08342159 0.08022181\n",
            "  0.08220335 0.1083303  0.18663718 0.09261158]\n",
            " [0.34144956 0.02470442 0.09739837 0.07944529 0.07720875 0.07966912\n",
            "  0.10343339 0.04380972 0.08398572 0.06889567]\n",
            " [0.10548411 0.07843744 0.11320039 0.134646   0.10588747 0.07913361\n",
            "  0.08714113 0.10009409 0.09663203 0.0993438 ]\n",
            " [0.11827344 0.03806177 0.10459614 0.10909703 0.1247859  0.08605109\n",
            "  0.09008592 0.08314759 0.10512493 0.14077622]\n",
            " [0.04958813 0.10982398 0.09017664 0.08998759 0.10106126 0.08002461\n",
            "  0.12087656 0.14484239 0.10997934 0.10363947]\n",
            " [0.08218926 0.0547763  0.04198889 0.06267817 0.12427897 0.0640098\n",
            "  0.0746564  0.2040594  0.09727691 0.19408588]\n",
            " [0.15283798 0.12024008 0.11781561 0.14342095 0.07380379 0.1099776\n",
            "  0.08149812 0.05750381 0.08974442 0.05315764]\n",
            " [0.17975509 0.04311072 0.08834447 0.11087523 0.09738065 0.0553094\n",
            "  0.08200466 0.12418658 0.1410523  0.07798095]\n",
            " [0.07663558 0.03976404 0.07160359 0.15230495 0.09169044 0.08868495\n",
            "  0.1125045  0.09684287 0.09102684 0.17894217]\n",
            " [0.06600357 0.12070058 0.09477244 0.11221866 0.09838344 0.08149959\n",
            "  0.10358162 0.08642555 0.1177277  0.11868682]\n",
            " [0.10115694 0.10455974 0.07331611 0.12920514 0.08803754 0.10100202\n",
            "  0.08043461 0.12163226 0.10340988 0.09724578]\n",
            " [0.0651166  0.14924923 0.1076788  0.09471086 0.07645451 0.09328857\n",
            "  0.10500482 0.09839887 0.09883996 0.1112578 ]\n",
            " [0.25859815 0.04761242 0.10911065 0.14200792 0.0701383  0.08422078\n",
            "  0.08934147 0.05378024 0.09294863 0.05224147]\n",
            " [0.06149413 0.06986389 0.04938905 0.11981793 0.14116095 0.09072488\n",
            "  0.11406294 0.07845623 0.07998513 0.19504486]\n",
            " [0.07257219 0.14624862 0.09763763 0.09217057 0.09244812 0.07915381\n",
            "  0.11110011 0.09911159 0.11294308 0.09661425]\n",
            " [0.20887657 0.03500752 0.0691845  0.10065743 0.05794767 0.08887313\n",
            "  0.12552969 0.08893015 0.10699658 0.11799682]\n",
            " [0.0940475  0.07796934 0.10833151 0.08284905 0.13870172 0.09096061\n",
            "  0.10942209 0.0710759  0.11022763 0.11641464]\n",
            " [0.21973321 0.07197736 0.0916641  0.13214397 0.07579757 0.07145036\n",
            "  0.05701388 0.0791126  0.11881845 0.08228847]\n",
            " [0.19994861 0.0598631  0.09079405 0.06233647 0.12393671 0.07527755\n",
            "  0.11420626 0.0995169  0.07229044 0.10182987]\n",
            " [0.1476598  0.07214181 0.08376116 0.10875709 0.11441726 0.08306336\n",
            "  0.07352754 0.10666756 0.12375929 0.08624513]\n",
            " [0.06813245 0.09725974 0.08745861 0.10216739 0.11872482 0.09191652\n",
            "  0.15566221 0.06629729 0.10197259 0.11040837]\n",
            " [0.06062503 0.1119903  0.10019065 0.14288746 0.09797681 0.07818042\n",
            "  0.09069049 0.12363698 0.0986422  0.09517968]\n",
            " [0.06752048 0.06669356 0.08253815 0.06923859 0.13021614 0.08385929\n",
            "  0.22488832 0.08242384 0.08503995 0.10758168]\n",
            " [0.13528703 0.06629927 0.15337619 0.07922259 0.11770834 0.06388496\n",
            "  0.09377392 0.07930072 0.109346   0.10180097]\n",
            " [0.0684526  0.09765704 0.08727662 0.09706588 0.09384631 0.09851003\n",
            "  0.1394855  0.06588053 0.08060846 0.17121704]\n",
            " [0.09489708 0.15133286 0.14254633 0.13732922 0.06458968 0.09046771\n",
            "  0.09076546 0.06974439 0.09191413 0.06641313]\n",
            " [0.11067712 0.14541207 0.0929689  0.10945984 0.0746215  0.10614938\n",
            "  0.0680854  0.0604461  0.15370473 0.0784749 ]\n",
            " [0.07495311 0.13304494 0.10616312 0.11560667 0.08318975 0.09381497\n",
            "  0.08287688 0.05318239 0.16057603 0.09659214]\n",
            " [0.12956284 0.07573498 0.13132843 0.06627225 0.09924121 0.08810247\n",
            "  0.16470332 0.08983269 0.07463119 0.08059052]\n",
            " [0.13900648 0.05128703 0.15095372 0.1117298  0.08188076 0.09697048\n",
            "  0.04256123 0.07422399 0.16003926 0.09134724]\n",
            " [0.12312113 0.07801278 0.11184094 0.09736214 0.07509474 0.08644836\n",
            "  0.17079991 0.06028618 0.13904072 0.05799314]\n",
            " [0.11853798 0.06130984 0.10437954 0.09180084 0.09006335 0.08068189\n",
            "  0.1494928  0.08620572 0.07519563 0.1423324 ]\n",
            " [0.07396765 0.11607713 0.0786127  0.10349128 0.08296755 0.11144546\n",
            "  0.07095097 0.06194487 0.16447388 0.13606855]\n",
            " [0.12843163 0.06970921 0.07957437 0.08025116 0.11127241 0.08058956\n",
            "  0.18336402 0.07805362 0.10600536 0.08274863]\n",
            " [0.11393759 0.05451522 0.10200574 0.12764026 0.08108943 0.12781972\n",
            "  0.09180523 0.08997697 0.0936205  0.11758937]\n",
            " [0.10147543 0.05535788 0.09070919 0.2024008  0.08271656 0.09308769\n",
            "  0.07583456 0.09777685 0.11463892 0.08600213]\n",
            " [0.09504193 0.1445123  0.1214863  0.09983046 0.06839383 0.08182214\n",
            "  0.07072527 0.07216948 0.1420095  0.10400885]\n",
            " [0.14776333 0.05024759 0.1114089  0.06356291 0.13559666 0.0647924\n",
            "  0.21840656 0.05070535 0.0824262  0.07509013]\n",
            " [0.2989365  0.03599716 0.06600847 0.09617196 0.06749044 0.10028686\n",
            "  0.1285478  0.06091988 0.0774359  0.06820502]\n",
            " [0.05687393 0.0535316  0.09312113 0.07303553 0.15879922 0.09013933\n",
            "  0.12579383 0.09279932 0.11308751 0.14281856]\n",
            " [0.13153063 0.07611983 0.09732721 0.06399942 0.12263463 0.06893117\n",
            "  0.20967062 0.07428229 0.08541907 0.07008522]\n",
            " [0.04571629 0.23610166 0.08543969 0.07381707 0.07282396 0.0751457\n",
            "  0.09762733 0.08408818 0.11298046 0.11625966]\n",
            " [0.05966454 0.05940302 0.08953606 0.09397346 0.14908485 0.08399348\n",
            "  0.1075422  0.10269724 0.11769973 0.13640541]\n",
            " [0.08199055 0.05127684 0.08310241 0.09109287 0.11182448 0.0826956\n",
            "  0.12293442 0.14391567 0.08495897 0.14620817]\n",
            " [0.08083542 0.11674982 0.12997247 0.09647458 0.11166764 0.07662353\n",
            "  0.1120107  0.0820883  0.09687385 0.09670366]\n",
            " [0.325341   0.02827988 0.13715792 0.10256442 0.04705267 0.06319602\n",
            "  0.09199379 0.07153584 0.0442319  0.08864661]\n",
            " [0.05937556 0.06450755 0.08242316 0.14649844 0.12205967 0.06409352\n",
            "  0.09152891 0.10552476 0.11583925 0.14814913]\n",
            " [0.07566839 0.11070534 0.10943953 0.10662805 0.08077377 0.08608288\n",
            "  0.11729739 0.08470183 0.11667056 0.11203227]\n",
            " [0.07953256 0.1231155  0.06217513 0.08984844 0.12404901 0.10460685\n",
            "  0.09380925 0.07348458 0.12689808 0.12248066]\n",
            " [0.15504983 0.0606866  0.09988952 0.13153563 0.06082181 0.09840044\n",
            "  0.11895104 0.06267566 0.10215171 0.10983777]\n",
            " [0.1356927  0.05000616 0.10378303 0.07568668 0.14243154 0.07397956\n",
            "  0.13856155 0.08089644 0.11361378 0.08534858]\n",
            " [0.07145406 0.14775349 0.11013517 0.08620743 0.08007495 0.10399754\n",
            "  0.15176763 0.04565027 0.11142718 0.09153222]\n",
            " [0.41345528 0.04751882 0.08005965 0.11038744 0.0489741  0.04980587\n",
            "  0.08186205 0.05359695 0.0684265  0.04591341]\n",
            " [0.06224727 0.10817126 0.07818466 0.10211834 0.07548308 0.07341611\n",
            "  0.06806192 0.16298318 0.09467796 0.17465627]\n",
            " [0.07853922 0.07316644 0.08452468 0.12025065 0.09435945 0.11633822\n",
            "  0.08496441 0.1435518  0.07061785 0.13368729]\n",
            " [0.08041459 0.06040375 0.08155487 0.10270061 0.08670393 0.1099856\n",
            "  0.08815639 0.10127588 0.11660726 0.17219707]\n",
            " [0.19405243 0.09537984 0.16291192 0.11961429 0.05704356 0.06471642\n",
            "  0.09837767 0.0631964  0.08935029 0.05535715]\n",
            " [0.0956999  0.06629809 0.07262325 0.07754982 0.13787542 0.08532251\n",
            "  0.13191888 0.14997657 0.08685802 0.0958776 ]\n",
            " [0.08618346 0.07139848 0.08347452 0.10247147 0.13224752 0.0786034\n",
            "  0.09786232 0.12981993 0.08185451 0.13608442]\n",
            " [0.1675349  0.05838558 0.13179587 0.10144532 0.08780024 0.07869773\n",
            "  0.07089283 0.10070591 0.09575264 0.10698893]\n",
            " [0.08640724 0.07073052 0.09388176 0.18575233 0.06008646 0.10804338\n",
            "  0.09007853 0.09465306 0.13031413 0.08005267]\n",
            " [0.1323285  0.07458115 0.14430985 0.13415697 0.07602385 0.09055858\n",
            "  0.09329221 0.07320803 0.08498555 0.09655535]\n",
            " [0.11877158 0.06863147 0.10025941 0.12576282 0.10332216 0.10239386\n",
            "  0.09159566 0.08642299 0.11122425 0.09161582]\n",
            " [0.07885052 0.08658303 0.14188464 0.07653607 0.1168256  0.07506738\n",
            "  0.12690163 0.07153539 0.10480952 0.12100627]\n",
            " [0.11790771 0.12697391 0.09524117 0.06930708 0.11111705 0.1043829\n",
            "  0.13448241 0.04780951 0.10281134 0.08996687]\n",
            " [0.05445775 0.0608379  0.1053031  0.08852607 0.08241324 0.06348455\n",
            "  0.0663872  0.21612464 0.10987544 0.15259002]\n",
            " [0.12048855 0.0773012  0.15635459 0.10251521 0.10114758 0.07618622\n",
            "  0.09812467 0.06686711 0.11762565 0.08338916]\n",
            " [0.09282451 0.10286156 0.09838309 0.12483898 0.09422318 0.0993014\n",
            "  0.07200471 0.07538244 0.11336236 0.12681773]\n",
            " [0.2704316  0.06699506 0.10129867 0.14349318 0.07003736 0.08203714\n",
            "  0.06429422 0.0511782  0.07530145 0.07493313]\n",
            " [0.07249329 0.12909083 0.08395489 0.09872248 0.08977704 0.0786923\n",
            "  0.11989114 0.10609803 0.09827679 0.12300318]\n",
            " [0.10479055 0.05621325 0.12777281 0.17760295 0.08759429 0.09056018\n",
            "  0.07074759 0.07040917 0.08938192 0.12492725]\n",
            " [0.07965094 0.12410648 0.07594222 0.10450643 0.07860991 0.08138435\n",
            "  0.05919196 0.10829624 0.14888671 0.13942486]\n",
            " [0.09006379 0.08169949 0.2285833  0.10712551 0.07150076 0.0514266\n",
            "  0.08502604 0.09487419 0.096801   0.09289929]\n",
            " [0.06542888 0.1328093  0.07812157 0.08808516 0.1250899  0.08172046\n",
            "  0.11465288 0.09687396 0.11697519 0.10024266]\n",
            " [0.25087133 0.03881558 0.13702954 0.11273376 0.12141462 0.07352061\n",
            "  0.09692759 0.05291834 0.07363961 0.04212906]\n",
            " [0.06436344 0.11812535 0.10593635 0.15541631 0.08183751 0.08558192\n",
            "  0.07159429 0.0848295  0.09848522 0.13383012]\n",
            " [0.0860686  0.06916888 0.09303237 0.15877193 0.11650529 0.08196344\n",
            "  0.07680834 0.09753123 0.10447957 0.1156703 ]\n",
            " [0.05975287 0.12046006 0.09643149 0.11557787 0.08312391 0.08710062\n",
            "  0.10379383 0.09513853 0.10474811 0.13387276]\n",
            " [0.07058052 0.18147226 0.10406365 0.10049938 0.08335553 0.0858883\n",
            "  0.07445603 0.07256085 0.15244147 0.074682  ]\n",
            " [0.12352218 0.07065827 0.1066727  0.13843654 0.08123527 0.09111594\n",
            "  0.10466258 0.08948574 0.07517238 0.1190384 ]\n",
            " [0.10545158 0.06563237 0.08871517 0.14558244 0.07972029 0.13990837\n",
            "  0.04416215 0.10411827 0.12845919 0.09825014]\n",
            " [0.26347828 0.03151469 0.11513662 0.12659794 0.04990152 0.08769633\n",
            "  0.11301136 0.06887271 0.08382045 0.05997008]\n",
            " [0.08034599 0.16614826 0.1119859  0.0831093  0.08359279 0.09166468\n",
            "  0.10101067 0.07510917 0.10788298 0.09915019]\n",
            " [0.18787336 0.04718974 0.1098253  0.07572163 0.0999308  0.07105774\n",
            "  0.07150214 0.10267793 0.0728129  0.16140844]]\n",
            "INFO:tensorflow:loss = 1.9056025, step = 1100\n",
            "INFO:tensorflow:probabilities = [[0.15390274 0.03769534 0.08497742 0.11644396 0.0766805  0.08615289\n",
            "  0.07131942 0.1057075  0.14067991 0.1264404 ]\n",
            " [0.05432202 0.20807011 0.07987312 0.09498285 0.08329437 0.06618083\n",
            "  0.10368174 0.10120568 0.09712426 0.11126502]\n",
            " [0.09508034 0.07887664 0.2144687  0.13704325 0.07532842 0.07677779\n",
            "  0.11475379 0.07026665 0.0680673  0.06933714]\n",
            " [0.13804375 0.04676715 0.09401309 0.06022858 0.10887992 0.08346298\n",
            "  0.17834745 0.09082076 0.09207401 0.10736233]\n",
            " [0.18093315 0.03043011 0.11569497 0.18497774 0.05001382 0.05721944\n",
            "  0.05596308 0.12193876 0.11719789 0.08563108]\n",
            " [0.12378251 0.06408649 0.14541163 0.12192936 0.06264959 0.07436619\n",
            "  0.10849031 0.07253588 0.15316531 0.07358265]\n",
            " [0.05837221 0.073877   0.06952769 0.08610058 0.11399131 0.05689568\n",
            "  0.05543515 0.22273059 0.08701495 0.17605475]\n",
            " [0.11100128 0.02747951 0.11569896 0.2457734  0.0558734  0.0991417\n",
            "  0.11829734 0.07863712 0.0916869  0.05641039]\n",
            " [0.09546255 0.07109048 0.15710047 0.11634663 0.08835982 0.10318919\n",
            "  0.06712691 0.07662484 0.10932472 0.11537444]\n",
            " [0.10638909 0.07453077 0.07078505 0.11114505 0.09452716 0.07704984\n",
            "  0.08425488 0.14948612 0.11714746 0.11468453]\n",
            " [0.08938677 0.06699569 0.0908122  0.05091737 0.10762892 0.07714607\n",
            "  0.2879748  0.04533141 0.07717817 0.10662857]\n",
            " [0.17542548 0.05298673 0.11290791 0.09377027 0.08455525 0.07770938\n",
            "  0.15632509 0.09467796 0.07607246 0.0755695 ]\n",
            " [0.37983814 0.04307621 0.07184    0.0630166  0.05687826 0.07158189\n",
            "  0.07887238 0.03891365 0.10980779 0.08617502]\n",
            " [0.06401654 0.22596921 0.08531571 0.08351323 0.08346266 0.08536687\n",
            "  0.08603441 0.08909161 0.12428568 0.07294393]\n",
            " [0.09053524 0.1111635  0.07819638 0.15333249 0.06897824 0.10126845\n",
            "  0.06249008 0.09010867 0.12393777 0.11998914]\n",
            " [0.14989834 0.05284502 0.18795891 0.12382997 0.07888556 0.06300317\n",
            "  0.1172906  0.09001654 0.07028962 0.06598233]\n",
            " [0.10767385 0.09923228 0.11626443 0.08403601 0.09329081 0.1182804\n",
            "  0.09693843 0.07488542 0.1109412  0.09845714]\n",
            " [0.06229471 0.2110166  0.10123885 0.08966214 0.07626052 0.08425948\n",
            "  0.07826754 0.06859706 0.1467682  0.08163486]\n",
            " [0.17271806 0.07971049 0.14714657 0.14740647 0.06646729 0.08755694\n",
            "  0.09758683 0.06509316 0.06670754 0.06960664]\n",
            " [0.05576685 0.1545367  0.12045485 0.09573828 0.08090612 0.08400727\n",
            "  0.09425337 0.06942879 0.15866396 0.08624373]\n",
            " [0.08921584 0.05071925 0.07725227 0.2107935  0.07809795 0.11196129\n",
            "  0.09264101 0.10663244 0.0770827  0.10560375]\n",
            " [0.07744466 0.05386775 0.1435023  0.1129249  0.12824382 0.0685775\n",
            "  0.14782806 0.09581762 0.07409705 0.0976964 ]\n",
            " [0.07067882 0.05911407 0.06098842 0.12748201 0.17205895 0.0715056\n",
            "  0.10969139 0.09071728 0.07729258 0.16047092]\n",
            " [0.09668205 0.06273079 0.11186617 0.09802123 0.07918371 0.07652783\n",
            "  0.18297243 0.10477812 0.08191954 0.10531814]\n",
            " [0.09523071 0.1623139  0.1058365  0.12474807 0.0916245  0.06386373\n",
            "  0.07236363 0.05409382 0.1348239  0.09510129]\n",
            " [0.09573648 0.05606122 0.0985672  0.14831574 0.12482502 0.0710007\n",
            "  0.11050013 0.09858833 0.07379034 0.12261481]\n",
            " [0.13578203 0.05526685 0.09181251 0.05341895 0.15323222 0.0787799\n",
            "  0.12790705 0.10550874 0.13243626 0.06585545]\n",
            " [0.11405557 0.03263958 0.03862761 0.09045117 0.11377031 0.04977431\n",
            "  0.06301863 0.27215442 0.07430363 0.1512048 ]\n",
            " [0.04280326 0.18143424 0.09828828 0.07943916 0.0808196  0.0967057\n",
            "  0.0997078  0.10221209 0.11910824 0.0994816 ]\n",
            " [0.07191548 0.13965741 0.10210689 0.11799724 0.07295578 0.10086071\n",
            "  0.07687431 0.10289349 0.11158788 0.1031509 ]\n",
            " [0.0702038  0.11302806 0.08739044 0.08765139 0.13090886 0.0705612\n",
            "  0.19020438 0.05559227 0.12433816 0.0701215 ]\n",
            " [0.06281259 0.11787494 0.17351541 0.11953875 0.06330647 0.07007362\n",
            "  0.12611271 0.07022048 0.08729903 0.10924605]\n",
            " [0.09783661 0.06653368 0.0775127  0.06988385 0.1386611  0.09680522\n",
            "  0.12744759 0.11213241 0.09525444 0.11793242]\n",
            " [0.11151229 0.05799006 0.08441596 0.15399672 0.07109185 0.09815653\n",
            "  0.18187657 0.08709452 0.08284041 0.07102515]\n",
            " [0.13424452 0.05729331 0.14824408 0.18190874 0.07620199 0.08550545\n",
            "  0.08989301 0.06802585 0.07612462 0.0825584 ]\n",
            " [0.05890244 0.13925289 0.08944681 0.11471775 0.0913597  0.08193867\n",
            "  0.09772784 0.1045029  0.10792179 0.11422919]\n",
            " [0.42535043 0.03452251 0.06276741 0.09369852 0.05584538 0.04158478\n",
            "  0.08832481 0.05797052 0.06453098 0.07540458]\n",
            " [0.04709988 0.09497678 0.06628024 0.0953497  0.135635   0.08907232\n",
            "  0.06925139 0.10062589 0.11094156 0.19076723]\n",
            " [0.09240096 0.05562527 0.06245492 0.16092859 0.09978163 0.11952842\n",
            "  0.07105453 0.1305618  0.09560104 0.11206289]\n",
            " [0.28684542 0.04597094 0.12196591 0.05529443 0.09693521 0.08054793\n",
            "  0.08110484 0.06673374 0.09251661 0.07208495]\n",
            " [0.08716024 0.097757   0.05658928 0.1282426  0.07253183 0.10495188\n",
            "  0.09626258 0.09609021 0.11027635 0.15013808]\n",
            " [0.09419142 0.10932412 0.1805749  0.06475049 0.1017236  0.06655987\n",
            "  0.11964584 0.07125762 0.10324541 0.08872671]\n",
            " [0.07360824 0.1215327  0.09498281 0.09037167 0.10014403 0.08737352\n",
            "  0.13652416 0.08521236 0.1223456  0.08790493]\n",
            " [0.09038862 0.10078318 0.13092087 0.20584203 0.06876469 0.08768126\n",
            "  0.05342812 0.06434393 0.11155175 0.08629551]\n",
            " [0.05151613 0.09359482 0.06017841 0.09661894 0.0965322  0.08890685\n",
            "  0.05617587 0.2032734  0.13992208 0.11328131]\n",
            " [0.06916181 0.10548633 0.07777026 0.11989847 0.09589335 0.08804597\n",
            "  0.07720105 0.07414719 0.13124953 0.16114601]\n",
            " [0.07458995 0.04691596 0.06044494 0.11014361 0.1176816  0.08282803\n",
            "  0.07421984 0.20985721 0.10723757 0.11608131]\n",
            " [0.08939778 0.09118471 0.06101902 0.07157379 0.13863228 0.080318\n",
            "  0.08440053 0.1463005  0.09633362 0.14083977]\n",
            " [0.11129878 0.06103103 0.08252517 0.11982856 0.09124934 0.0923714\n",
            "  0.078244   0.16441737 0.11202761 0.0870067 ]\n",
            " [0.11469902 0.04449024 0.11271239 0.07596093 0.11403325 0.05374439\n",
            "  0.18102446 0.11829609 0.06961841 0.11542085]\n",
            " [0.08747829 0.05340345 0.04063374 0.09925426 0.11750375 0.07800348\n",
            "  0.10245642 0.1767875  0.09020876 0.1542704 ]\n",
            " [0.4067126  0.03158522 0.0803697  0.08096978 0.06203629 0.07918807\n",
            "  0.05379818 0.06876542 0.06177681 0.07479794]\n",
            " [0.05915277 0.04622921 0.10209702 0.08383347 0.13386664 0.0602706\n",
            "  0.12904646 0.11379871 0.08353333 0.18817185]\n",
            " [0.05724934 0.10855848 0.12273226 0.11503302 0.10922083 0.085833\n",
            "  0.12103357 0.07679086 0.12991469 0.07363389]\n",
            " [0.17714533 0.06664989 0.06517418 0.14023107 0.06801907 0.07912672\n",
            "  0.10887869 0.0938663  0.11468521 0.08622353]\n",
            " [0.11405578 0.11199963 0.10849207 0.08828874 0.06748021 0.10751586\n",
            "  0.09685072 0.07704042 0.12186926 0.10640728]\n",
            " [0.4832664  0.03010453 0.057145   0.06932499 0.05338548 0.08472148\n",
            "  0.07453582 0.04340541 0.05940242 0.04470835]\n",
            " [0.0537752  0.07923586 0.07222879 0.0978962  0.10062304 0.09154847\n",
            "  0.10381173 0.12853684 0.11666043 0.15568347]\n",
            " [0.11259336 0.08281052 0.08682275 0.10048699 0.10560742 0.08084955\n",
            "  0.06739035 0.10389072 0.14049305 0.11905523]\n",
            " [0.22417524 0.06232055 0.07152013 0.13421427 0.07682779 0.08398089\n",
            "  0.05751498 0.08347024 0.10521617 0.1007598 ]\n",
            " [0.0520726  0.06503804 0.11572272 0.09933095 0.12043588 0.08253492\n",
            "  0.09857802 0.07830676 0.10651328 0.18146689]\n",
            " [0.03631407 0.07788012 0.06559934 0.10198445 0.11315749 0.06340847\n",
            "  0.08601838 0.1786799  0.09715372 0.17980401]\n",
            " [0.3899052  0.02718921 0.08336043 0.07893231 0.05480685 0.08282237\n",
            "  0.06928569 0.06040053 0.10438823 0.0489091 ]\n",
            " [0.1991639  0.06377928 0.17247261 0.08635501 0.0679606  0.06034346\n",
            "  0.06104288 0.12191258 0.0785971  0.08837261]\n",
            " [0.10619269 0.05379624 0.0901202  0.13111314 0.09067929 0.07108256\n",
            "  0.08986664 0.07366993 0.16241749 0.1310619 ]\n",
            " [0.07457089 0.1553633  0.17208639 0.1452557  0.08069642 0.07074194\n",
            "  0.07427175 0.07547717 0.07365637 0.07788004]\n",
            " [0.11109653 0.06665386 0.1080258  0.17485881 0.08548328 0.05849558\n",
            "  0.0623828  0.08759936 0.11097409 0.13442981]\n",
            " [0.09636126 0.08320238 0.11326631 0.15167229 0.09595884 0.09475691\n",
            "  0.07860809 0.09636245 0.10662056 0.08319088]\n",
            " [0.04800757 0.15125687 0.09010275 0.09698255 0.08702592 0.06419884\n",
            "  0.12036256 0.14637731 0.10285486 0.09283075]\n",
            " [0.06749514 0.06773943 0.0525916  0.0998133  0.11691006 0.05916371\n",
            "  0.06090447 0.11902355 0.14106697 0.2152918 ]\n",
            " [0.07807647 0.04154414 0.09592071 0.08785594 0.11992884 0.10198259\n",
            "  0.16035691 0.11540782 0.08613747 0.11278909]\n",
            " [0.13548768 0.05956827 0.10587519 0.12585086 0.07558145 0.07331359\n",
            "  0.04723973 0.13757135 0.13443467 0.10507723]\n",
            " [0.10577868 0.12697625 0.09736516 0.12190546 0.08858672 0.15218997\n",
            "  0.05897126 0.06472705 0.09595214 0.08754729]\n",
            " [0.09502731 0.09346957 0.14302142 0.11341624 0.05774341 0.09155777\n",
            "  0.07432312 0.08734919 0.12977524 0.11431672]\n",
            " [0.14831847 0.04244291 0.09688275 0.07481679 0.0914083  0.09446581\n",
            "  0.22166382 0.06256296 0.07630085 0.09113742]\n",
            " [0.06572296 0.16056402 0.10924048 0.07290568 0.0994414  0.09014948\n",
            "  0.16171612 0.06223388 0.10000484 0.07802104]\n",
            " [0.04699941 0.06117449 0.05714068 0.07556644 0.16856416 0.06864016\n",
            "  0.11426558 0.08368185 0.13140687 0.19256034]\n",
            " [0.12365708 0.073382   0.08038902 0.1530023  0.07507261 0.09167611\n",
            "  0.06564132 0.06845583 0.17098914 0.09773457]\n",
            " [0.09161377 0.05482148 0.06998295 0.10488255 0.11507586 0.09429527\n",
            "  0.07747617 0.10265824 0.2178367  0.07135704]\n",
            " [0.05409945 0.04732833 0.05932695 0.09962574 0.1092178  0.07913312\n",
            "  0.11769111 0.12867959 0.09838052 0.2065174 ]\n",
            " [0.07968368 0.06703333 0.09088434 0.06286403 0.16723287 0.10241786\n",
            "  0.09510357 0.10629316 0.11239765 0.11608955]\n",
            " [0.22989704 0.05452569 0.25361106 0.05185952 0.06458078 0.05153352\n",
            "  0.1271645  0.05104735 0.06933655 0.04644391]\n",
